Epoch	EpRet	EpRealRet	TestEpRet	AverageQ1	StdQ1	MaxQ1	MinQ1	Q2	TestSuccess	TotalEnvInteracts	TotalTime
0	-200.0	-200.0	-200.0	-4.318743	2.1429296	0.07215364	-12.10732	-4.318743	0.0	10000	52.93604612350464
1	-200.0	-200.0	-200.0	-10.53637	2.6026967	-0.18870336	-20.344921	-10.53637	0.0	20000	109.20368981361389
2	-200.0	-200.0	-200.0	-15.779798	3.4103563	1.8707219	-27.39328	-15.779798	0.0	30000	178.96983194351196
3	-200.0	-200.0	-200.0	-20.25033	4.0867143	1.8159106	-35.62252	-20.25033	0.0	40000	246.27970910072327
4	-200.0	-200.0	-200.0	-23.942188	4.6129556	2.2911217	-40.17911	-23.942188	0.0	50000	314.6865701675415
5	-200.0	-200.0	-200.0	-26.958067	5.041557	-0.45678192	-42.675774	-26.958067	0.0	60000	379.99435210227966
6	-200.0	-200.0	-200.0	-29.461397	5.36192	-1.6224643	-45.496117	-29.461397	0.0	70000	444.56092047691345
7	-200.0	-200.0	-200.0	-31.6214	5.558961	-2.701527	-47.89947	-31.6214	0.0	80000	506.5239722728729
8	-200.0	-200.0	-200.0	-33.43366	5.6615257	-4.6993976	-49.082115	-33.43366	0.0	90000	566.2413680553436
9	-200.0	-200.0	-200.0	-34.96012	5.7225494	-6.0386333	-49.5514	-34.96012	0.0	100000	628.6569905281067
10	-200.0	-200.0	-200.0	-36.289318	5.775058	-6.4804935	-51.064472	-36.289318	0.0	110000	688.0159602165222
11	-200.0	-200.0	-200.0	-37.415848	5.785269	-7.3821445	-52.516903	-37.415848	0.0	120000	746.8882348537445
12	-200.0	-200.0	-200.0	-38.355553	5.7735286	-9.01051	-53.32268	-38.355553	0.0	130000	805.5862772464752
13	-200.0	-200.0	-200.0	-39.070766	5.8155236	-9.2738695	-54.584682	-39.070766	0.0	140000	864.0115277767181
14	-200.0	-200.0	-200.0	-39.626358	5.909018	-10.606782	-55.128143	-39.626358	0.0	150000	928.6317276954651
15	-200.0	-200.0	-200.0	-40.123158	5.9459376	-9.202673	-55.912838	-40.123158	0.0	160000	991.4624571800232
16	-200.0	-200.0	-200.0	-40.57253	5.9746785	-12.763906	-56.902428	-40.57253	0.0	170000	1056.6246347427368
17	-200.0	-200.0	-200.0	-40.927853	5.9909024	-14.40864	-57.285973	-40.927853	0.0	180000	1119.4606657028198
18	-200.0	-200.0	-200.0	-41.292168	5.9751625	-14.589565	-57.59663	-41.292168	0.0	190000	1183.5176646709442
19	-200.0	-200.0	-200.0	-41.632156	5.92925	-14.035255	-59.83264	-41.632156	0.0	200000	1247.8768692016602
20	-200.0	-200.0	-200.0	-41.979195	5.844753	-14.435324	-59.026424	-41.979195	0.0	210000	1313.3059523105621
21	-200.0	-200.0	-200.0	-42.158665	5.844763	-18.864614	-59.018208	-42.158665	0.0	220000	1375.4996273517609
22	-200.0	-200.0	-200.0	-42.385464	5.785034	-17.951561	-58.224358	-42.385464	0.0	230000	1435.548005580902
23	-199.98	-199.98	-200.0	-42.612995	5.7493157	-18.705175	-57.920383	-42.612995	0.0	240000	1495.9507174491882
24	-200.0	-200.0	-200.0	-42.84815	5.682744	-19.334185	-58.324863	-42.84815	0.0	250000	1559.3996510505676
25	-200.0	-200.0	-200.0	-43.042892	5.6011267	-18.5462	-57.828503	-43.042892	0.0	260000	1619.6639335155487
26	-200.0	-200.0	-200.0	-43.27376	5.503595	-21.48496	-58.622974	-43.27376	0.0	270000	1680.167552947998
27	-200.0	-200.0	-200.0	-43.47737	5.419189	-22.90868	-58.33436	-43.47737	0.0	280000	1740.1681094169617
28	-200.0	-200.0	-200.0	-43.63714	5.36602	-23.974012	-59.10687	-43.63714	0.0	290000	1800.0690460205078
29	-200.0	-200.0	-200.0	-43.762417	5.3260927	-24.367548	-58.953754	-43.762417	0.0	300000	1860.4581146240234
30	-200.0	-200.0	-200.0	-43.92361	5.2672396	-24.732178	-58.13616	-43.92361	0.0	310000	1909.8539333343506
31	-200.0	-200.0	-200.0	-44.029285	5.205919	-23.286842	-57.319286	-44.029285	0.0	320000	1956.0253534317017
32	-200.0	-200.0	-200.0	-44.190456	5.1120114	-23.87154	-56.471092	-44.190456	0.0	330000	2002.2861206531525
33	-200.0	-200.0	-200.0	-44.35576	5.0229855	-23.277344	-56.794685	-44.35576	0.0	340000	2049.3322801589966
34	-200.0	-200.0	-200.0	-44.49611	4.937931	-26.310522	-56.470284	-44.49611	0.0	350000	2096.2198643684387
35	-200.0	-200.0	-200.0	-44.61541	4.8610635	-27.417974	-56.832897	-44.61541	0.0	360000	2142.261386156082
36	-200.0	-200.0	-200.0	-44.74093	4.7965803	-26.929764	-55.934994	-44.74093	0.0	370000	2189.7719082832336
37	-200.0	-200.0	-200.0	-44.829155	4.7427053	-27.121067	-56.28293	-44.829155	0.0	380000	2236.157838344574
38	-200.0	-200.0	-200.0	-44.94363	4.6737027	-28.229725	-55.910492	-44.94363	0.0	390000	2282.595068216324
39	-200.0	-200.0	-200.0	-45.05259	4.6226354	-27.70253	-55.38871	-45.05259	0.0	400000	2328.8085613250732
40	-200.0	-200.0	-200.0	-45.1619	4.5785003	-28.299017	-55.487507	-45.1619	0.0	410000	2375.1393394470215
41	-200.0	-200.0	-200.0	-45.22166	4.5521917	-28.179424	-55.081295	-45.22166	0.0	420000	2421.7490446567535
42	-200.0	-200.0	-200.0	-45.29386	4.506033	-28.627396	-54.98091	-45.29386	0.0	430000	2469.3997087478638
43	-200.0	-200.0	-200.0	-45.36297	4.458918	-28.204863	-54.889698	-45.36297	0.0	440000	2515.4929282665253
44	-200.0	-200.0	-200.0	-45.37739	4.44873	-29.216845	-54.822056	-45.37739	0.0	450000	2561.742129087448
45	-200.0	-200.0	-200.0	-45.392544	4.433718	-29.307384	-54.613235	-45.392544	0.0	460000	2608.0878944396973
46	-200.0	-200.0	-200.0	-45.411797	4.428987	-28.920294	-53.922768	-45.411797	0.0	470000	2654.8245742321014
47	-200.0	-200.0	-200.0	-45.40194	4.431309	-29.260706	-53.53746	-45.40194	0.0	480000	2702.0191345214844
48	-200.0	-200.0	-200.0	-45.38187	4.4594545	-29.778831	-54.049294	-45.38187	0.0	490000	2748.4653401374817
49	-200.0	-200.0	-200.0	-45.351677	4.4974155	-29.803066	-54.034924	-45.351677	0.0	500000	2794.980451107025
50	-200.0	-200.0	-200.0	-45.36192	4.4986196	-29.305305	-54.114143	-45.36192	0.0	510000	2841.634777545929
51	-200.0	-200.0	-200.0	-45.36316	4.494184	-29.383581	-54.02999	-45.36316	0.0	520000	2888.3292927742004
52	-200.0	-200.0	-200.0	-45.359097	4.517865	-29.111183	-53.86549	-45.359097	0.0	530000	2934.9350996017456
53	-200.0	-200.0	-200.0	-45.35169	4.5130973	-29.544771	-54.002094	-45.35169	0.0	540000	2981.6798725128174
54	-200.0	-200.0	-200.0	-45.35885	4.4873204	-29.937016	-53.917046	-45.35885	0.0	550000	3028.547459602356
55	-200.0	-200.0	-200.0	-45.362114	4.4887686	-30.266361	-53.747993	-45.362114	0.0	560000	3074.999348640442
56	-200.0	-200.0	-200.0	-45.394466	4.4704814	-30.38077	-53.67661	-45.394466	0.0	570000	3121.7687509059906
57	-200.0	-200.0	-200.0	-45.42324	4.4422293	-30.488781	-53.98113	-45.42324	0.0	580000	3168.474512577057
58	-200.0	-200.0	-200.0	-45.431965	4.451986	-30.414965	-53.510128	-45.431965	0.0	590000	3214.82918548584
59	-200.0	-200.0	-200.0	-45.412243	4.459829	-30.69709	-53.5939	-45.412243	0.0	600000	3261.0207047462463
60	-200.0	-200.0	-200.0	-45.419453	4.445553	-30.852943	-53.679073	-45.419453	0.0	610000	3307.7194409370422
61	-200.0	-200.0	-200.0	-45.423615	4.455899	-29.949585	-53.40715	-45.423615	0.0	620000	3354.193009853363
62	-200.0	-200.0	-200.0	-45.421387	4.4556727	-30.421013	-53.376736	-45.421387	0.0	630000	3400.996800661087
63	-200.0	-200.0	-200.0	-45.413704	4.472462	-30.25466	-54.357826	-45.413704	0.0	640000	3447.318566083908
64	-200.0	-200.0	-200.0	-45.44606	4.454517	-30.519688	-53.494457	-45.44606	0.0	650000	3494.20951962471
65	-200.0	-200.0	-200.0	-45.420704	4.464638	-30.772638	-53.30659	-45.420704	0.0	660000	3540.750747680664
66	-200.0	-200.0	-200.0	-45.413784	4.456244	-31.028809	-53.202118	-45.413784	0.0	670000	3587.5572035312653
67	-200.0	-200.0	-200.0	-45.415417	4.4479046	-31.25568	-53.384834	-45.415417	0.0	680000	3634.4848222732544
68	-200.0	-200.0	-200.0	-45.398224	4.454811	-31.300505	-53.138084	-45.398224	0.0	690000	3681.0251517295837
69	-200.0	-200.0	-200.0	-45.404125	4.4646745	-30.944653	-53.07612	-45.404125	0.0	700000	3727.7991650104523
70	-200.0	-200.0	-200.0	-45.434937	4.4384913	-30.496307	-53.491043	-45.434937	0.0	710000	3774.2665960788727
71	-200.0	-200.0	-200.0	-45.437515	4.431542	-31.305561	-53.18861	-45.437515	0.0	720000	3821.1777198314667
72	-200.0	-200.0	-200.0	-45.467426	4.416918	-31.662663	-53.350746	-45.467426	0.0	730000	3868.014991044998
73	-200.0	-200.0	-200.0	-45.4727	4.410985	-31.210747	-53.003277	-45.4727	0.0	740000	3915.5522882938385
74	-200.0	-200.0	-200.0	-45.466434	4.4385123	-30.83569	-52.82565	-45.466434	0.0	750000	3962.2164146900177
75	-200.0	-200.0	-200.0	-45.4853	4.4321756	-30.91584	-53.130367	-45.4853	0.0	760000	4008.8255836963654
76	-200.0	-200.0	-200.0	-45.47917	4.4322505	-30.65866	-52.84687	-45.47917	0.0	770000	4055.8878474235535
77	-200.0	-200.0	-200.0	-45.509212	4.4063315	-30.909176	-53.029675	-45.509212	0.0	780000	4102.913759469986
78	-200.0	-200.0	-200.0	-45.485863	4.4107223	-30.66414	-53.12748	-45.485863	0.0	790000	4166.030167341232
79	-200.0	-200.0	-200.0	-45.504204	4.4119344	-30.509106	-53.53712	-45.504204	0.0	800000	4231.911336421967
80	-200.0	-200.0	-200.0	-45.495796	4.4241586	-30.298874	-52.8224	-45.495796	0.0	810000	4294.563722610474
81	-200.0	-200.0	-200.0	-45.497517	4.4237714	-30.285805	-53.185078	-45.497517	0.0	820000	4354.004443883896
82	-200.0	-200.0	-200.0	-45.487568	4.422954	-30.752808	-52.747395	-45.487568	0.0	830000	4413.770035743713
83	-200.0	-200.0	-199.7	-45.44706	4.471129	-30.301697	-52.85603	-45.44706	0.0	840000	4473.44326043129
84	-200.0	-200.0	-200.0	-45.476967	4.4429855	-30.792595	-52.556843	-45.476967	0.0	850000	4534.229565143585
85	-200.0	-200.0	-200.0	-45.451126	4.4701357	-30.403276	-52.790737	-45.451126	0.0	860000	4591.1023161411285
86	-200.0	-200.0	-200.0	-45.40836	4.5107236	-28.339703	-52.71565	-45.40836	0.0	870000	4636.433464050293
87	-200.0	-200.0	-200.0	-45.42445	4.4775987	-28.755688	-52.655704	-45.42445	0.0	880000	4682.768659353256
88	-200.0	-200.0	-200.0	-45.449814	4.478516	-29.028387	-52.602856	-45.449814	0.0	890000	4728.375037908554
89	-200.0	-200.0	-200.0	-45.40405	4.5023336	-29.351404	-52.47593	-45.40405	0.0	900000	4774.04470539093
90	-200.0	-200.0	-200.0	-45.400906	4.490661	-30.213451	-52.538086	-45.400906	0.0	910000	4819.923263311386
91	-200.0	-200.0	-200.0	-45.38355	4.5008774	-30.294996	-53.28447	-45.38355	0.0	920000	4866.409481287003
92	-200.0	-200.0	-200.0	-45.371647	4.507086	-30.232813	-52.97533	-45.371647	0.0	930000	4912.268852710724
93	-200.0	-200.0	-200.0	-45.36947	4.494455	-30.726181	-52.882725	-45.36947	0.0	940000	4957.81930398941
94	-200.0	-200.0	-200.0	-45.367477	4.4979324	-30.404272	-53.189365	-45.367477	0.0	950000	5003.584949731827
95	-200.0	-200.0	-200.0	-45.371414	4.5039735	-29.767254	-52.425186	-45.371414	0.0	960000	5050.128587722778
